kinematics:
  shoulder:
    x: 0
    y: 0
    z: 0.1624523981441576
    roll: -0
    pitch: 0
    yaw: -7.826967992827227e-08
  upper_arm:
    x: 0.0001508050125449415
    y: 0
    z: 0
    roll: 1.57013845930643
    pitch: 0
    yaw: 5.3503049326381e-07
  forearm:
    x: -0.4252974599994203
    y: 0
    z: 0
    roll: 3.141313325510557
    pitch: 3.140244588842127
    yaw: 3.141591875951779
  wrist_1:
    x: -0.392272682441035
    y: -5.137942850461759e-05
    z: 0.1338705375652065
    roll: 0.0003837993550808601
    pitch: 0.0008888314531097145
    yaw: 1.283588063982633e-06
  wrist_2:
    x: 0.0001216672419663005
    y: -0.09975254432790047
    z: 6.530813885208591e-05
    roll: 1.57014162540396
    pitch: 0
    yaw: 6.433320097649908e-08
  wrist_3:
    x: 1.132185468064394e-05
    y: 0.09951080605215523
    z: 9.554664239255209e-05
    roll: 1.57175648998542
    pitch: 3.141592653589793
    yaw: -3.141592581859225
  hash: calib_15766688948259382008